26 71
87 40
16 76
95 83
30 18
94 92
58 68
13 18
40 88
34 38
45 17
14 10
11 38
30 75
35 36
22 54
83 30
12 22
98 83
16 91
45 58
20 29
59 47
40 36
74 31
44 42
57 66
41 71
53 82
32 73
15 10
22 51
89 71
27 59
92 62
54 71
10 88
33 19
51 68
96 74
60 96
91 32
37 73
41 55
88 23
29 44
58 53
99 99
75 54
66 15
44 92
78 99
49 47
32 65
76 16
66 25
24 75
84 24
13 96
95 34
81 49
85 86
47 28
15 13
72 60
43 38
99 10
41 36
84 22
14 16
36 28
93 53
92 24
53 47
69 93
78 48
62 75
30 49
65 33
45 87
55 75
80 69
54 66
86 67
99 32
47 56
26 72
43 92
25 55
18 82
37 94
41 20
70 92
94 68
21 10
42 65
46 79
87 61
99 66
33 44
